,Y_Predicted
0,11.368927564320337
1,11.836521510862845
2,11.96524385232068
3,12.06608782108798
4,12.06673092687058
5,11.97004468852658
6,12.016534753763908
7,11.954077140262187
8,12.105703424388942
9,11.57504837470719
10,12.01724007568389
11,11.388527000485718
12,11.365463772241165
13,11.837784236039155
14,11.560516469425904
15,12.692475948048735
16,12.270138519656193
17,12.529567053747655
18,12.512822162767009
19,12.902045538059355
20,12.577611060856345
21,12.160906258036967
22,11.999443909410138
23,11.95784377450775
24,12.144881302898357
25,12.16194529326802
26,12.503044720802787
27,12.285467720071482
28,12.049350888739767
29,12.2488716743105
30,12.105767291165602
31,11.255883148188312
32,12.186955062070954
33,12.480135356054852
34,12.458007046767495
35,12.298646784062433
36,12.023514584799527
37,11.92214536327599
38,11.953583573781145
39,11.893260257588487
40,11.955209199010886
41,11.866433091982957
42,12.44447394642184
43,12.385264059649543
44,12.274202340285408
45,12.090045637831158
46,12.278193401062364
47,12.127717585625401
48,11.916038097091823
49,11.74187406784217
50,11.8036130818756
51,11.941194332787605
52,11.909465756031974
53,11.905471575536119
54,12.16541490744227
55,11.852605320108545
56,11.931693139310536
57,11.749925175103824
58,12.184251639338477
59,11.712939748359839
60,11.668069270624702
61,12.008805650855779
62,11.517902251736187
63,11.601229532440827
64,11.496106728112995
65,11.571586786326389
66,11.454199869521823
67,11.798087589561858
68,11.700054816572406
69,12.00118864036664
70,11.785688687465322
71,11.44133817364475
72,11.780109905708507
73,11.646761675607314
74,11.854973628722853
75,11.53584796600278
76,11.107300616489802
77,11.803714360761422
78,12.15346334976267
79,11.564281439630147
80,11.811990371921535
81,11.724114424504977
82,12.048026585174481
83,11.146029943719228
84,11.585265899977266
85,11.711905589704825
86,11.669928229278684
87,11.592674247781435
88,11.475016343116467
89,11.707999034514055
90,11.723213849173998
91,11.688368931753459
92,11.669156298347804
93,11.634538896868065
94,11.911073894355019
95,11.377554864898269
96,11.470296224000942
97,11.457288303674558
98,11.53847794946773
99,11.705472390613103
100,11.737078069851727
101,11.668042827700118
102,11.547231703443787
103,11.94506233181257
104,11.760697766683347
105,12.250002332867282
106,11.175733868889372
107,12.267405150446484
108,11.761200681931367
109,11.810607610648143
110,11.709613483201172
111,11.803672826237914
112,12.27754147207966
113,11.706981805839423
114,12.193539217357694
115,12.243064349081612
116,12.045886961473386
117,11.786125478334663
118,11.76294930563023
119,12.15574943811385
120,11.778642353367456
121,11.654322411380383
122,12.491514607041315
123,12.208888485081447
124,11.71618280460992
125,10.976404808712372
126,11.541027993460345
127,11.81419090712447
128,11.38935005299807
129,11.855403589593022
130,11.357145486509353
131,11.690245255789044
132,11.618101807344793
133,11.556604298249136
134,11.658266060888556
135,12.261801775503995
136,11.954919149239561
137,12.156228873760886
138,11.9609120166322
139,11.988682161006295
140,10.89941026451646
141,11.61142194754232
142,11.468421659223804
143,12.311403501177669
144,12.366020280287369
145,11.942600644563385
146,12.021873547333074
147,12.251810234247781
148,11.998955883068689
149,11.800866853690831
150,11.789492491739074
151,11.982730148538025
152,11.88090538009117
153,11.589090204420364
154,11.286551838800827
155,11.219103804499102
156,11.28910775410213
157,11.59145490974641
158,11.619068673387249
159,11.958600910340055
160,11.682922960035972
161,11.812709124244531
162,12.39567910438057
163,12.21288634303022
164,11.590681822915204
165,11.979160419237303
166,12.080534472362556
167,12.480831331290892
168,12.076033044656336
169,12.59200382478539
170,12.27475351955829
171,12.246952938323512
172,12.038737754127823
173,12.088218120136533
174,12.03734614786131
175,11.879926101193067
176,12.015425068188083
177,12.145298608854857
178,12.01121160541755
179,12.365761724476066
180,12.101402798875085
181,12.39311198698083
182,12.296557869260496
183,12.328630431144834
184,12.130507227109552
185,11.900485368754277
186,11.972872234325767
187,11.697747393378418
188,11.744387940635784
189,11.533057894472744
190,11.550157567775
191,11.48315532272498
192,11.438059229058604
193,11.83225801318229
194,11.851857139259238
195,11.845567049491295
196,11.826267597162131
197,11.86755234298378
198,11.567170614143503
199,11.828000609163437
200,12.86441401257221
201,12.729541036165429
202,12.750514359925075
203,13.024036633569546
204,12.544762064390197
205,12.56673058773228
206,12.666066635785334
207,12.677122018062759
208,12.594708362585715
209,12.69222747510265
210,12.381483650460446
211,12.83364394989899
212,12.450801386008045
213,12.316089744214052
214,12.067254966030484
215,12.088611046858475
216,12.121816851172774
217,12.96751629188495
218,12.688784419296564
219,12.568834729075085
220,12.309682289203192
221,12.485937670697258
222,11.993223712831226
223,12.061066859486848
224,12.070129180709705
225,12.039604148914954
226,12.072822437664643
227,12.144267942964898
228,12.15354208551854
229,12.19480618174023
230,12.117737449663847
231,12.470384263866954
232,12.066431631658773
233,12.062991242691025
234,11.969966663195235
235,12.442285444234896
236,11.986694679739658
237,12.575646317850065
238,12.609889399979094
239,12.295775665926932
240,12.42591830533296
241,12.32964040491533
242,12.334560204592233
243,12.464906115095467
244,12.358541969664145
245,12.86749616783167
246,12.210501996678033
247,12.119268930037817
248,12.472690625850785
249,12.296824347281577
250,12.46882176115607
251,12.387897530211767
252,12.424391340830681
253,12.280005823177213
254,12.227348225988246
255,11.975394533027282
256,12.029139521446504
257,11.725410049112245
258,12.153331508235032
259,12.334500168794422
260,11.915930191538319
261,11.633428564677997
262,11.841622586508114
263,12.137784349096705
264,12.30633477082175
265,12.032004266690207
266,11.825063749487503
267,12.082355996121985
268,11.848896753535085
269,11.871288824788445
270,11.647209544563362
271,11.612436508341327
272,11.521164355718776
273,11.586409340935948
274,11.73786569536466
275,11.501978155248727
276,12.543592913504867
277,12.17037303492487
278,12.413907295179357
279,12.141411472538234
280,12.060824143674248
281,11.957142449330728
282,12.004866917078953
283,12.511851917619701
284,12.136957670536122
285,12.314522146372926
286,12.20862010835657
287,12.16729485858226
288,11.901684922233205
289,11.83995381657882
290,12.302884473359477
291,11.524326348533279
292,11.798249577990068
293,12.15533308030426
294,11.976548864445618
295,11.577641670403438
296,11.500487587400693
297,11.873034423920728
298,12.016763685879726
299,11.921186309799888
300,11.849648663770854
301,11.997442174123666
302,12.09749154273203
303,11.555618059733147
304,11.99357912820745
305,11.979905161887922
306,12.177875358501648
307,11.720376840499746
308,12.006097731499437
309,11.826690500838385
310,11.61764219985067
311,11.702847550005314
312,11.646918238919032
313,11.840001043875448
314,11.753104927038864
315,11.602684419759477
316,11.493567112439449
317,11.726833235283689
318,11.563173093080652
319,12.098054461180462
320,11.658217124808639
321,11.249220076943038
322,11.72574643557613
323,11.46034366352978
324,11.531920008578362
325,11.860412564635192
326,12.009856806854279
327,10.929838866416647
328,11.301992153615045
329,11.212695758799784
330,12.055093078090666
331,11.780459365436615
332,11.89920829586616
333,11.811999965686418
334,11.662093658606803
335,11.788248737237819
336,11.563584477099184
337,11.54248380580799
338,11.437764151414209
339,11.749587782964182
340,11.605763069485235
341,11.853997234480387
342,11.866799552860076
343,11.714678574649028
344,11.779149987322873
345,11.673570627120009
346,11.680917127465584
347,11.58583952924712
348,11.550412495721607
349,11.7467191298011
350,11.452089787831984
351,11.351134344915938
352,11.59365007746595
353,11.304346304685192
354,10.763686285606726
355,11.360024842175434
356,11.566333466613804
357,11.88175057850024
358,11.758094385684393
359,11.340764396071105
360,11.717902070567776
361,11.834090617636724
362,11.106144943882256
363,11.675537989293488
364,11.743565882624104
365,11.49994145745223
366,11.49435788191664
367,11.684298743363263
368,11.695181941060484
369,11.776455053229045
370,11.885639731897147
371,11.502922664498374
372,11.903036340831253
373,11.735847455501197
374,11.625716186026732
375,11.709524604043246
376,11.353105115938547
377,11.665922909653622
378,11.418130575661884
379,11.771304896510504
380,11.720713648528017
381,11.358288758056514
382,11.662493043972827
383,11.871259538882542
384,11.75855266477615
385,11.855232269321052
386,11.936390375213897
387,10.826284526991758
388,11.617715190259165
389,11.595821463175131
390,11.873642250525945
391,11.68233494714698
392,11.673413223012007
393,11.978120714192508
394,12.012320513239771
395,12.244286404269952
396,11.902172508644181
397,11.817241095497467
398,11.722630475532547
399,11.886485460458054
400,11.715302465471632
401,12.54665829598972
402,12.54665829598972
403,12.54665829598972
404,12.647354872747606
405,12.683716318911667
406,12.302931863593011
407,12.543064446915865
408,12.203242005322831
409,12.291875040110677
410,12.388145080796175
411,12.045264262227477
412,12.242550911655202
413,11.720908436967095
414,12.156507568103635
415,12.097216437081848
416,12.189408602596021
417,12.173496166807244
418,11.624090007129537
419,11.693226890561892
420,12.30697447784454
421,12.381895691378316
422,12.080334723087782
423,12.123569000664883
424,12.319401364999274
425,12.480421448415242
426,12.203564822228191
427,12.434168977390105
428,11.946005529650417
429,11.635536169943377
430,11.765406267120603
431,11.381312404937797
432,11.77027542399566
433,11.651199554214951
434,11.793608035716368
435,11.66046923973463
436,11.547995604338862
437,11.630901228551645
438,11.87729894723538
439,11.777959206955712
440,11.863983082629494
441,11.697885975136579
442,12.152011930896101
443,11.696553897519209
444,12.033179454276054
445,11.812871954849882
446,12.146111917754006
447,11.495664727265966
448,11.769414766300061
449,11.626970874316356
450,12.167128833717214
451,12.49723396500946
452,11.749780417390385
453,11.061179882476424
454,12.404595755521745
455,10.87675011593598
456,12.392749556278229
457,11.784992907005021
458,12.024585713365594
459,11.970623970562789
460,12.798842802443065
461,12.621651116643715
462,12.268102080772037
463,12.292519046120946
464,12.20927415246687
465,12.762586281624072
466,11.65349446640892
467,11.949580119076137
468,11.540842118422288
469,11.811536958784142
470,11.749346660468614
471,11.73994903673204
472,11.937331436374665
473,12.046457292185623
474,11.952622610313437
475,12.050557481621407
476,11.995304900863719
477,11.989982721911959
478,12.416041190037566
479,12.011996646293396
480,12.000159544202884
481,12.072670823947057
482,12.142158132025711
483,12.622524075559339
484,12.734004123684556
485,11.906901373452643
486,12.506811342355265
487,11.895879252515877
488,12.361669609738586
489,12.047515824103266
490,12.389009547545886
491,12.223271905405381
492,11.97993376075036
493,12.131278556020286
494,11.694615858948339
495,12.565921543962933
496,11.904189916370727
497,12.520934753445111
498,11.779586491445803
499,11.46868167136685
500,11.571472609008223
501,11.410647616213932
502,11.417075752350849
503,11.469354631233108
504,11.80916496970093
505,11.806641990308037
506,12.391077692274504
507,12.745980889063762
508,12.757282429753987
509,12.796815891981533
510,12.97757327576666
511,12.740687769919273
512,12.4828608617485
513,12.604519617178438
514,12.969897660641873
515,12.412921174170036
516,12.619278370367772
517,12.611148294950343
518,12.573486410682328
519,12.033844809045922
520,12.584477858395088
521,12.169823683033702
522,12.114301038440654
523,11.96951656069122
524,12.18692084203631
525,12.144148356137253
526,12.096749048527702
527,12.045304263558744
528,12.1595325812184
529,12.217171997436484
530,12.123750101492616
531,12.259216492150268
532,12.042342056348597
533,12.301364812732794
534,12.07863757292746
535,12.317928141266197
536,12.539643546600967
537,12.551217817706391
538,12.384794004592809
539,12.477961071635434
540,12.443020527104563
541,12.355310948194532
542,12.384053090014115
543,12.44850901990493
544,12.30364095624011
545,12.225268527209417
546,12.423909233236238
547,12.148036376679347
548,12.106723018713197
549,12.110701102132468
550,11.827002257437329
551,11.998428214089055
552,12.027919842575225
553,12.061239519726708
554,12.148707350636794
555,12.083991322409497
556,12.102497266226752
557,11.648755235062298
558,11.681502213868352
559,11.454828008311528
560,11.532981456543745
561,12.006250927830353
562,11.866269707904985
563,12.429875565887231
564,12.696487073309054
565,12.028854364502703
566,11.861281375236326
567,11.915287458385816
568,11.931892626544274
569,12.463051244045136
570,12.33761039355824
571,12.423635195853652
572,12.427016123390427
573,12.014598578901087
574,12.24070036569443
575,12.172830745228062
576,12.179474311359476
577,12.705523504496817
578,12.134655094832778
579,12.6055789514951
580,12.461622655501309
581,12.175425808894769
582,11.966135420329984
583,11.996638387919731
584,12.16046104963717
585,11.785268303138256
586,11.740364914389746
587,11.7419471288742
588,11.81953236387209
589,12.044741188826137
590,11.499494777031648
591,11.670578401555447
592,11.810362186903923
593,11.319449169328054
594,11.86213376535455
595,11.909003702387293
596,11.57780478415658
597,12.162993500947229
598,11.780254360546428
599,11.904617665980629
600,12.021683551202809
601,11.633429186142882
602,11.53339888265113
603,11.645412511685937
604,11.450132941036316
605,12.014784239888447
606,11.846492629203697
607,11.820083525877909
608,11.123707756117422
609,11.440966344754067
610,11.265102991615137
611,11.802940450579346
612,11.715778551929473
613,12.070097406273185
614,11.79174441348458
615,11.5567143082552
616,11.762670759497905
617,11.584609076160115
618,11.787084243315684
619,11.594121175322455
620,11.679038430003908
621,11.57172155402558
622,11.801397030270861
623,11.40041628715542
624,11.596718641462564
625,11.660464566761963
626,11.686434663615488
627,11.483313308621225
628,11.26131023360598
629,11.6796742045412
630,11.44804795435806
631,11.676593782729661
632,11.639235082784683
633,11.61619809537403
634,11.779600900693254
635,11.219785311069291
636,11.410763454601994
637,11.747688946786173
638,10.640429909745201
639,11.52492256846834
640,11.569830974596462
641,11.773243716122701
642,11.428729036535005
643,11.866405116226339
644,11.640771087727995
645,11.168906361786528
646,12.135681734426328
647,11.492598139412967
648,11.488116547083525
649,11.704140203355486
650,11.859237682636822
651,11.7481801196936
652,11.651605477819352
653,11.642391666864341
654,11.919835287505107
655,11.60108243012169
656,11.752401076833706
657,11.704729510713138
658,11.521407558639993
659,11.703506485654263
660,11.278714228691953
661,11.423981251786769
662,11.22286524620634
663,11.998591489256997
664,11.77680980630718
665,11.943746363832263
666,11.83549126458052
667,11.667409348542831
668,11.410444521066694
669,11.655528043091486
670,11.904743038289066
671,11.609832100002864
672,11.629221329827045
673,11.660596448912287
674,11.37258272043246
675,11.192915627627567
676,11.487011114083952
677,11.78228406300137
678,11.92746589020902
679,11.7745860103658
680,11.907399634448709
681,11.676224518994772
682,11.827344628243607
683,11.665227479842294
684,11.706136834383983
685,11.854259463264723
686,11.966116322620234
687,11.818401724975057
688,11.754268474429834
689,12.21140405867401
690,11.655622329882497
691,11.978080229974998
692,11.85706006317768
693,11.391976135827262
694,11.70723867871651
695,12.27278064486616
696,12.237883427171367
697,12.278663686586707
698,12.293180224785957
699,12.040809542055255
700,12.379527658146076
701,12.72944755772204
702,12.712665687568217
703,12.403638441143356
704,12.124527038116009
705,11.738900499338158
706,12.205903750870997
707,12.107289921804622
708,12.137804546352148
709,12.230100841333792
710,11.878508342501636
711,11.808742331719557
712,11.967353538350363
713,12.246858083225565
714,12.538544697917498
715,12.523427246772563
716,12.288700196918033
717,12.251949675495874
718,11.685451056854895
719,12.178093846476932
720,12.12672223967333
721,12.217866459375628
722,12.138652186319709
723,11.580331487586879
724,11.7499068711962
725,11.804297174809975
726,11.973175233320731
727,11.94588956551195
728,12.408978941116349
729,11.173741259740526
730,11.173741259740526
731,11.248227606884878
732,11.464728693738214
733,11.479150173504017
734,11.431004827725474
735,11.623126217178598
736,11.614844943616074
737,11.883005788411644
738,12.05371216744783
739,11.75167279461768
740,11.740259839322404
741,12.145085114312034
742,11.837070714306211
743,12.009267257732562
744,11.615588365842793
745,11.603750054460129
746,12.122385475001295
747,12.289384613057694
748,11.998529236278308
749,11.560541898773181
750,11.554655877442372
751,11.62944373001766
752,11.42658805373084
753,11.842065251115162
754,11.44974512388749
755,11.843717042131171
756,10.866520725117198
757,11.468853326880666
758,11.350836871699252
759,11.398812113820446
760,12.406529005841588
761,12.278548438663474
762,12.461535591700045
763,12.158373170955446
764,11.73874216625357
765,11.99420158726837
766,12.145968561764983
767,12.430820865280301
768,12.402030961749436
769,11.799068231211493
770,12.187773895547197
771,12.000305358410758
772,12.03300436066211
773,12.38351664134422
774,12.244451485224864
775,12.46389054109383
776,12.614723406957804
777,12.188029658172299
778,11.614737544276736
779,11.835347329260955
780,11.844992922510492
781,11.532668459138634
782,11.665826716180458
783,11.468464831155423
784,11.435521931752861
785,11.789112719154508
786,11.49857828351639
787,11.519159422822923
788,11.5705095316747
789,11.616931258828343
790,11.62414698148131
791,12.001941347005095
792,11.901597312423153
793,12.02731118051162
794,12.143922703290304
795,12.016289730201791
796,12.143509363803505
797,11.947278318387664
798,11.983434586807356
799,11.865553061956074
800,12.032118727580729
801,12.131857565382084
802,12.66274787116631
803,12.84721498519475
804,11.96123327907521
805,12.465614078304313
806,12.602575002203203
807,12.854500758411467
808,11.950682104851055
809,12.09959405206985
810,12.191254935591836
811,12.247783900348594
812,11.898983185706529
813,12.032761883835647
814,11.904663103510012
815,12.09950761633179
816,12.069358299798132
817,11.892146553831305
818,11.693532496010386
819,11.488010388006423
820,11.849618638647927
821,11.904800411107642
822,11.504998075486087
823,11.58301197712574
824,11.716357524744165
825,11.606545616439883
826,12.694491041689924
827,12.390005902940198
828,12.596903453844213
829,12.841632396697788
830,12.527577270426605
831,12.843985226373372
832,12.90586734589597
833,12.750355784600977
834,12.958046939250986
835,12.380557175106562
836,12.642471757898715
837,12.62838609675533
838,12.665367834067776
839,12.576650115001115
840,12.504674864678908
841,12.320561068601952
842,12.361973499204218
843,12.306786501568787
844,12.084987810921943
845,12.084987810921943
846,12.119779367516317
847,12.226811203340096
848,12.465253140380309
849,12.117737320145276
850,12.105571327772287
851,11.981753378101546
852,12.021266987039876
853,11.994223725338164
854,12.024771068048741
855,12.155774157929544
856,12.11022692659992
857,12.033055871162592
858,12.02074537611264
859,12.017462578700881
860,12.30589270775716
861,12.11860375564324
862,12.093161376521191
863,12.150681053857884
864,12.229449752472568
865,12.047474241933362
866,12.183398270484135
867,12.264418868461293
868,12.116067953748304
869,12.01858734863268
870,12.6512942586524
871,12.797841732866196
872,12.572357506276974
873,12.313189282340755
874,12.4229114662023
875,12.499794292660605
876,12.050528888561544
877,12.368789433885425
878,12.286225407971854
879,12.849018677324215
880,12.142763610674105
881,12.316765773390395
882,12.283328690861074
883,12.212114782122027
884,12.27792220785204
885,12.21296455514771
886,12.09591058757111
887,12.330365278204507
888,11.933298569060767
889,12.602227987778486
890,12.411568395165714
891,12.459648496121302
892,12.365544320678394
893,11.690760427767232
894,11.823465666722663
895,11.85286051546457
896,12.12823269272955
897,12.118062010732388
898,11.645764079414414
899,11.568066690833213
900,11.661653698024189
901,12.383512331839384
902,11.827611494366831
903,11.969285453017537
904,12.296717525998801
905,12.122643759767904
906,12.27861313333118
907,12.181638330044011
908,12.170820033530806
909,11.949917041371387
910,11.957083410013572
911,12.095600249407568
912,12.503793795309859
913,12.580770715896046
914,12.221330786175717
915,12.402290131581054
916,12.609861880463498
917,11.800473042368417
918,12.151734096986097
919,11.906222098640047
920,11.953085197898684
921,12.142137438893323
922,12.114341733064826
923,12.296542847447625
924,11.919222189088034
925,11.738381651973915
926,11.76097276739997
927,11.451725836356168
928,11.691770211289281
929,11.83322280571789
930,11.732601159286595
931,11.440979400724164
932,11.937988629519891
933,11.750872713942965
934,12.133235402340588
935,11.891285136068028
936,12.148443493279347
937,11.585326638958122
938,11.053920589494608
939,10.965985004370971
940,11.48287808398136
941,11.720895549593134
942,11.795847949511694
943,11.885166132054778
944,11.99307802128983
945,11.75276877176833
946,11.67183016588332
947,11.750470451947571
948,11.637803626086814
949,12.051818252413304
950,11.524630872402636
951,11.82750178491599
952,11.67111941912163
953,11.755795984886907
954,11.727862481920921
955,11.599701906116472
956,11.62439692937577
957,11.598862312189311
958,11.693321958121201
959,11.612553845400514
960,11.868204119016971
961,11.4566557489294
962,11.603017270366514
963,11.986959678254875
964,12.1736243976689
965,11.74977822116985
966,11.653173817440258
967,12.044522916576287
968,11.561688191035156
969,11.684318213966469
970,11.674544720374872
971,11.737108299082314
972,11.64007992250063
973,11.699886418748335
974,11.824187203143666
975,11.454528786297349
976,11.50781868053523
977,11.687594583043177
978,11.526768553020503
979,11.639812562729123
980,11.465429771272113
981,11.467634727858064
982,11.601119956007343
983,11.706985499634065
984,11.319812090271911
985,11.615416437210497
986,11.955417998514706
987,11.752432934532761
988,11.568861285249813
989,11.825065291336461
990,11.668105232538677
991,12.051834013952673
992,11.327171439357642
993,11.636873170972535
994,11.55627134907716
995,11.65967436902461
996,11.602226955109739
997,11.63448623810602
998,11.41214422356568
999,11.79307626844186
1000,11.609925596034222
1001,11.697630402957303
1002,11.696758937014927
1003,11.919509945034136
1004,11.696725400950369
1005,11.658958220598606
1006,11.806981558988587
1007,11.358483803272298
1008,11.319784789474488
1009,12.099823456916326
1010,12.053990994726618
1011,11.892129141077309
1012,11.601344584417154
1013,11.503267712661529
1014,12.276044714086959
1015,11.595476483838668
1016,11.656261676474205
1017,11.967316988055511
1018,11.496020212196589
1019,11.774273988877903
1020,11.681183616463047
1021,11.657097966592197
1022,11.537622231702551
1023,11.632844406906319
1024,11.565633474289447
1025,11.844956711800911
1026,12.189154086826584
1027,11.962888224920032
1028,11.875817062407409
1029,11.79001736571122
1030,11.359314256902486
1031,12.050771266340082
1032,11.929994735891505
1033,11.835743421941215
1034,11.367311708216583
1035,12.352023680625315
1036,11.86146372739975
1037,11.447916919628158
1038,11.28337897464276
1039,11.559463342361571
1040,11.812031844406556
1041,11.744366418403432
1042,11.44972631063671
1043,11.990154574407509
1044,12.26965870437381
1045,12.374357632443434
1046,12.485710182171045
1047,12.39265205820783
1048,12.253044926361854
1049,12.268376329792206
1050,12.019914479211721
1051,12.139020072509844
1052,12.248558645727654
1053,12.440511899996462
1054,11.737444546068316
1055,11.969239186430006
1056,11.706256456477771
1057,11.804738315201925
1058,12.241819706891109
1059,12.229041193670948
1060,12.103094102341254
1061,12.251643857398633
1062,11.675935705361262
1063,11.787021290592437
1064,11.761810991275132
1065,11.759168140792399
1066,11.652770673144737
1067,11.581335245438579
1068,11.73655436699066
1069,11.521127702583694
1070,12.272774593249192
1071,12.286720988559974
1072,12.097706003134393
1073,12.30815978287582
1074,12.500419738763496
1075,12.315670530560059
1076,12.258171676859012
1077,12.045965181144357
1078,12.11422801971904
1079,12.0308744246637
1080,12.051166745919726
1081,11.940884377288738
1082,11.721861634274429
1083,11.556111513671869
1084,11.739002850811408
1085,11.71998980862384
1086,11.85833996820297
1087,11.882118782756681
1088,11.882111227945648
1089,13.341077315792992
1090,11.802294391323208
1091,11.697413989711755
1092,11.211270540756821
1093,11.302698140903992
1094,11.635972191905124
1095,11.39731077930091
1096,11.459434108605045
1097,11.789255370661692
1098,11.717711182806498
1099,11.788357535981376
1100,11.809049763220987
1101,11.596603643176227
1102,11.705807024384242
1103,11.98242428115178
1104,11.697347357047056
1105,11.871736416623582
1106,11.67588683758275
1107,12.003978441310343
1108,12.064893530285374
1109,11.57863178977551
1110,11.888522800671355
1111,11.867321341711639
1112,12.156469521156186
1113,12.511072489657526
1114,11.70212334854297
1115,11.620936285435892
1116,11.901944701199607
1117,11.291018361968076
1118,11.019286073036124
1119,11.68575652726298
1120,11.733281290581001
1121,11.744206285938377
1122,12.258266806800474
1123,12.043644612202785
1124,12.064269080149801
1125,12.222317656271175
1126,12.137860914667478
1127,11.724354995926918
1128,11.916443219685968
1129,12.185133505439302
1130,12.194448191767975
1131,12.204589161640127
1132,12.394843984388768
1133,11.988350311467517
1134,12.213872519609811
1135,12.550323563608238
1136,12.098310743463509
1137,12.467214837024805
1138,12.70836271764828
1139,11.803330973498879
1140,11.794195905941123
1141,11.362355539363381
1142,11.419084410269065
1143,11.296841627702852
1144,11.33762224221765
1145,11.841178494881039
1146,12.085300801544406
1147,12.090225856151413
1148,11.895457637531752
1149,11.443171730600788
1150,11.627458517716658
1151,11.82311918265251
1152,11.638095724188151
1153,11.578925167178177
1154,11.910988374408893
1155,11.743138521998153
1156,12.003568667117541
1157,12.133186513992838
1158,12.114648440105348
1159,12.046683689644002
1160,11.972549307440575
1161,12.009050314562694
1162,12.349120442896368
1163,12.536394508124266
1164,12.459930504420688
1165,11.934694220914189
1166,11.894282088936432
1167,12.81218802778675
1168,12.949106190727633
1169,12.645964799970038
1170,12.915847227606493
1171,12.734282322129935
1172,12.433011460949556
1173,12.7689961536874
1174,11.93750556089436
1175,12.023414349754994
1176,12.073588794817372
1177,12.487434942062777
1178,12.102988844993666
1179,11.791328499356242
1180,11.443416229340938
1181,11.916714574824619
1182,11.459361026998867
1183,11.644742753311537
1184,11.500129732652816
1185,11.439976651796037
1186,11.498971847494001
1187,11.75645486683106
1188,11.874325791384138
1189,11.769084153414372
1190,11.867651853247585
1191,12.754154383766327
1192,12.360242059214759
1193,12.270331101529681
1194,12.735474446038987
1195,12.56863190997183
1196,12.719666157613485
1197,12.513853541052256
1198,12.495056973778844
1199,12.688489182689642
1200,12.67043604543963
1201,12.710545052644807
1202,12.449523768153783
1203,12.435157582495924
1204,12.484158095312928
1205,12.4332413664358
1206,11.996048181294869
1207,12.031887414615731
1208,12.049888256768014
1209,12.480338123223916
1210,12.060038757039973
1211,12.148139503273377
1212,12.17270917724126
1213,12.100119059637814
1214,11.950473638619217
1215,12.188770924624231
1216,12.162642490032528
1217,12.307739277685377
1218,12.47622268151743
1219,12.46781571159405
1220,12.803791037787445
1221,12.596312979137675
1222,12.863848869719863
1223,12.570570111752186
1224,12.592369105728588
1225,12.326505155916855
1226,12.486839362158433
1227,12.190301026899299
1228,12.189675038332751
1229,12.825577057498048
1230,12.068766722471752
1231,11.790950762523206
1232,12.139481459286024
1233,11.722666294399927
1234,12.099716226711992
1235,12.085727277382022
1236,12.029213091183552
1237,12.129574563375805
1238,11.944241236305764
1239,11.828625800412663
1240,11.946600262197833
1241,11.645707760345296
1242,11.766589082353349
1243,11.831925192351129
1244,11.557552149194393
1245,11.538118687516796
1246,11.668785709623805
1247,11.577778825991922
1248,11.385338118486654
1249,11.590302184219656
1250,12.548729423293882
1251,12.67205710829342
1252,11.95651520572328
1253,11.863671381461119
1254,11.922203292635482
1255,11.831003249915792
1256,12.110407876254172
1257,12.298709496226948
1258,11.840296710690778
1259,11.99613325198349
1260,11.738725848371542
1261,11.972253880361288
1262,11.934760912555214
1263,11.627890447831303
1264,11.691608724858146
1265,11.760002360872779
1266,12.08977434146443
1267,12.082591627887073
1268,11.812489886274602
1269,11.76868236099362
1270,11.642534985368302
1271,11.573666877203804
1272,11.954831925181093
1273,11.91498455922619
1274,11.74795428532776
1275,11.801341513709863
1276,11.557393944212883
1277,11.783096438798772
1278,11.976126024987042
1279,11.682357966622556
1280,11.84203446338219
1281,11.883568711604573
1282,11.867596615468445
1283,11.910853310787859
1284,11.838324117897237
1285,11.702340442727422
1286,11.913548545818735
1287,11.711861580662685
1288,11.590594693267716
1289,11.619656312130111
1290,11.59836430705824
1291,12.298546117887252
1292,11.855297728668376
1293,12.177361821841085
1294,11.719135585718004
1295,11.226274734393614
1296,11.074210921446332
1297,11.350337321536015
1298,11.83455542707748
1299,11.72624898129987
1300,11.82083392683655
1301,11.826581646321316
1302,12.098557696075861
1303,11.935911052383718
1304,12.454616092308331
1305,11.601709491565767
1306,11.220663055598754
1307,11.62061509169065
1308,11.639433883419862
1309,11.80209244631563
1310,11.509107401030663
1311,11.586432089709302
1312,11.913086763907991
1313,11.723116589154358
1314,11.53671191920544
1315,11.798049999253738
1316,11.841552523190874
1317,11.384050129601333
1318,11.572827269417079
1319,11.462241343329003
1320,11.28629594609866
1321,11.320151756945101
1322,11.326344636590978
1323,11.57388610481787
1324,11.663701265444544
1325,10.979977015467963
1326,11.606987977645908
1327,11.18103623494471
1328,12.013660148861335
1329,11.194237000203977
1330,11.50021476174107
1331,11.306993776618604
1332,11.811898135131374
1333,11.409904011983418
1334,11.575015059061824
1335,11.33197057454349
1336,12.029663387050661
1337,11.55080369099902
1338,11.60799411949472
1339,11.135794204406793
1340,11.467465737966476
1341,11.760775884966456
1342,11.919379544126278
1343,11.804379362755366
1344,11.358407998923305
1345,11.421180495282076
1346,11.920342752218188
1347,11.775714078425247
1348,11.670251359856788
1349,11.699912588031866
1350,11.926896735147299
1351,11.893727894527652
1352,11.965595744937774
1353,11.917527389144569
1354,11.339102485764771
1355,12.213596266822558
1356,11.759895356501394
1357,11.637948334970371
1358,12.005662748845756
1359,11.72799344201092
1360,11.498490013813894
1361,12.04106470580811
1362,12.35768316832092
1363,12.02928494563249
1364,11.86184499266943
1365,11.63746816514595
1366,11.794769044376174
1367,12.359065038345001
1368,12.170877065472425
1369,12.231424414417686
1370,12.106267714636601
1371,12.259977442061754
1372,12.457407991808589
1373,12.180579979179006
1374,12.269773811813955
1375,12.121659444914478
1376,11.975126400326493
1377,11.734888291276468
1378,11.99550073517776
1379,12.153166817698713
1380,12.159251439732994
1381,12.276928015059934
1382,11.834131328493894
1383,11.978474723645324
1384,11.53141959251817
1385,12.180761386288994
1386,12.116982309682582
1387,12.220193078880923
1388,12.120967311165009
1389,12.524522042084595
1390,12.203627469514581
1391,12.318197911447863
1392,12.302554928540939
1393,11.72391580588929
1394,12.151142263694828
1395,12.139583421699175
1396,12.097166607705585
1397,12.139874438844457
1398,11.733924196783974
1399,11.62132726785079
1400,11.763951162457873
1401,12.133274600388448
1402,11.687579057060722
1403,12.380079020896378
1404,11.77120601808013
1405,11.957943907868161
1406,11.418176584013628
1407,11.679751057608788
1408,11.508862456789073
1409,11.827267911955394
1410,11.351244325676031
1411,10.744039392430736
1412,11.412762797051764
1413,11.811124778485361
1414,11.564181646558708
1415,12.030696292696941
1416,11.750811548830335
1417,11.81144188914631
1418,11.764631483054801
1419,11.508887427548409
1420,11.716458884275585
1421,11.85372552233452
1422,12.084747687268207
1423,12.111670537614598
1424,11.962898462390232
1425,12.100508090621778
1426,11.328403602731608
1427,11.739651800295524
1428,10.962340321319449
1429,11.118277145329243
1430,11.740882989891958
1431,10.999140160153143
1432,11.58794370567398
1433,11.160641878045288
1434,12.441490030721592
1435,12.319136502457038
1436,12.127228860585008
1437,11.905200937074264
1438,12.205933247715429
1439,11.897163166197243
1440,12.129296744113454
1441,12.136056702303453
1442,12.607979326828115
1443,12.661041545196584
1444,11.252001429228148
1445,12.154507581057151
1446,11.510098678782203
1447,11.693803561105625
1448,11.934760812009996
1449,11.17621668667101
1450,11.2968407553815
1451,11.857058452768614
1452,11.294354304656283
1453,11.226037837363386
1454,11.234399223820144
1455,11.27006911370109
1456,11.876107055683221
1457,11.58605861051696
1458,12.261212706524939
